// Data set for ubmark-bin-search

int keys_sz = 10;

int kv_sz = 1000;

int kv[] = {
  766,
  1780,
  2278,
  2321,
  2676,
  4649,
  7037,
  7419,
  9915,
  11169,
  11223,
  11539,
  11713,
  12652,
  13229,
  13367,
  14671,
  16687,
  16961,
  17118,
  18620,
  18749,
  19364,
  19448,
  20170,
  22305,
  24897,
  25307,
  26644,
  29640,
  29759,
  30662,
  30785,
  31352,
  31572,
  31685,
  33173,
  35088,
  37777,
  37909,
  38180,
  38613,
  39865,
  41828,
  42611,
  45697,
  45871,
  47089,
  47262,
  48491,
  48697,
  49058,
  50826,
  51064,
  52897,
  53540,
  55894,
  56367,
  59364,
  60391,
  61512,
  65564,
  65916,
  68778,
  69057,
  69279,
  70496,
  70874,
  71508,
  72439,
  73425,
  73662,
  76047,
  76786,
  76821,
  77308,
  77954,
  79347,
  80235,
  80586,
  81920,
  82500,
  82626,
  83620,
  84387,
  84872,
  85407,
  86264,
  86265,
  86597,
  87221,
  89966,
  90056,
  91339,
  91640,
  92331,
  93787,
  95878,
  97332,
  97652,
  99035,
  100478,
  100539,
  101085,
  102670,
  102880,
  103678,
  104258,
  105030,
  105058,
  108043,
  109933,
  110419,
  110908,
  111386,
  112419,
  114431,
  114733,
  117590,
  119013,
  119612,
  119689,
  120454,
  121611,
  121936,
  122876,
  123695,
  126139,
  126393,
  126881,
  129119,
  129670,
  129782,
  130734,
  131808,
  132246,
  132633,
  134287,
  134367,
  136168,
  137254,
  137972,
  138962,
  140745,
  141237,
  142190,
  143339,
  143645,
  144489,
  148838,
  149341,
  151221,
  152115,
  152652,
  154483,
  156815,
  157177,
  160271,
  160396,
  160676,
  164256,
  165018,
  167824,
  168870,
  169912,
  170329,
  171150,
  172331,
  172449,
  173232,
  174502,
  175427,
  176826,
  178336,
  178503,
  178676,
  178880,
  184015,
  184936,
  186802,
  186809,
  187027,
  187620,
  194806,
  195133,
  196075,
  201402,
  204869,
  204904,
  205930,
  205951,
  207382,
  207438,
  207595,
  207702,
  208079,
  208590,
  208612,
  209850,
  210120,
  210686,
  212836,
  213298,
  215765,
  218400,
  219066,
  219215,
  222941,
  223026,
  223785,
  225061,
  225357,
  226881,
  227713,
  227873,
  229110,
  231283,
  232115,
  232670,
  232972,
  233626,
  233827,
  233893,
  234300,
  237400,
  237422,
  239823,
  240077,
  242370,
  244306,
  245652,
  247297,
  247349,
  247530,
  247624,
  250953,
  252380,
  252825,
  255903,
  256194,
  258847,
  259883,
  260456,
  261131,
  261252,
  261750,
  262160,
  262465,
  262740,
  262951,
  262973,
  263710,
  263959,
  264769,
  265025,
  268008,
  270836,
  271187,
  271635,
  272400,
  272424,
  272548,
  273406,
  274348,
  274495,
  276285,
  277137,
  280533,
  281298,
  281379,
  282731,
  284627,
  285373,
  285975,
  288206,
  288390,
  289548,
  292429,
  293025,
  293625,
  295478,
  297781,
  299554,
  300764,
  301261,
  304322,
  304524,
  305941,
  307095,
  309209,
  311477,
  312016,
  313645,
  314080,
  315301,
  316066,
  316186,
  316225,
  316318,
  316473,
  317765,
  317900,
  317993,
  319345,
  319394,
  320923,
  321797,
  323152,
  323160,
  326023,
  326383,
  328056,
  329144,
  330851,
  333926,
  334605,
  334616,
  335337,
  335448,
  335573,
  336183,
  336355,
  338030,
  338359,
  338639,
  340127,
  342357,
  343737,
  345182,
  345477,
  345968,
  351856,
  353909,
  354553,
  354593,
  355559,
  356292,
  358857,
  359637,
  360257,
  360875,
  361915,
  363662,
  364002,
  373000,
  373378,
  373406,
  373832,
  373981,
  375695,
  375757,
  375817,
  375987,
  376302,
  376386,
  376463,
  378428,
  378471,
  378508,
  380930,
  380956,
  381616,
  381865,
  384267,
  384317,
  385102,
  385179,
  386287,
  387632,
  387969,
  388118,
  394770,
  395365,
  395685,
  396370,
  396831,
  397216,
  397341,
  397431,
  397762,
  398267,
  398457,
  399217,
  400612,
  400752,
  401735,
  401896,
  402349,
  405334,
  406011,
  406621,
  406887,
  407599,
  407673,
  407769,
  408423,
  411841,
  412588,
  412661,
  413352,
  414703,
  415877,
  415973,
  417603,
  417642,
  418706,
  419634,
  419678,
  420727,
  421251,
  421556,
  426064,
  426624,
  426724,
  427266,
  428133,
  428811,
  431670,
  432192,
  433947,
  435347,
  437252,
  437894,
  438235,
  438614,
  439369,
  439685,
  440124,
  440681,
  440998,
  441333,
  442688,
  444385,
  444651,
  445862,
  447005,
  447781,
  447901,
  448578,
  450897,
  452373,
  454871,
  455454,
  456821,
  457408,
  460229,
  461708,
  462473,
  464906,
  465099,
  465394,
  466249,
  466807,
  467162,
  468505,
  469991,
  470332,
  470806,
  471795,
  472638,
  473202,
  474168,
  475385,
  475870,
  476692,
  476930,
  477634,
  477979,
  479259,
  479495,
  479867,
  480268,
  481097,
  481235,
  481271,
  482163,
  483091,
  483380,
  484812,
  487103,
  488075,
  488466,
  489462,
  490132,
  490819,
  490850,
  492518,
  493289,
  493484,
  493846,
  496017,
  498284,
  498377,
  499393,
  499469,
  499707,
  500961,
  501795,
  502759,
  503136,
  503599,
  503727,
  504251,
  504702,
  505719,
  507823,
  510679,
  510854,
  511207,
  511244,
  511553,
  511782,
  512169,
  512235,
  512486,
  512575,
  513448,
  514337,
  514400,
  515032,
  515374,
  515829,
  515993,
  517634,
  517703,
  518982,
  521057,
  521097,
  522700,
  522825,
  522966,
  526203,
  527109,
  531479,
  532418,
  533631,
  534062,
  534591,
  536508,
  536581,
  537374,
  539321,
  541259,
  541301,
  543277,
  543504,
  543724,
  545051,
  549582,
  550456,
  552131,
  555204,
  555517,
  556630,
  558061,
  560999,
  561371,
  562513,
  565084,
  565309,
  565755,
  566907,
  568212,
  568941,
  569417,
  570151,
  570510,
  571294,
  572540,
  577156,
  578083,
  578793,
  581332,
  582303,
  582985,
  585374,
  585808,
  587646,
  589266,
  589290,
  590161,
  590417,
  590457,
  591366,
  591490,
  592354,
  593411,
  594692,
  594725,
  595153,
  596089,
  596482,
  597377,
  597483,
  598016,
  598909,
  599380,
  599532,
  599553,
  601211,
  601704,
  602471,
  603910,
  604423,
  605659,
  606807,
  606927,
  607789,
  608338,
  608731,
  609545,
  609753,
  610650,
  611239,
  614281,
  614370,
  616059,
  616452,
  616719,
  618545,
  620672,
  620742,
  621031,
  623626,
  624797,
  625472,
  628968,
  629008,
  631063,
  632472,
  632565,
  632878,
  632963,
  633218,
  634130,
  635568,
  635636,
  637070,
  639149,
  639225,
  640555,
  642125,
  643025,
  643558,
  643951,
  645494,
  645496,
  646639,
  646912,
  647415,
  647624,
  648345,
  649226,
  651106,
  651634,
  651796,
  652125,
  656574,
  656682,
  659772,
  660561,
  660745,
  663304,
  665720,
  667227,
  667820,
  668889,
  670435,
  671334,
  672749,
  677075,
  677285,
  677843,
  678277,
  679670,
  681189,
  681318,
  682784,
  682835,
  683849,
  684779,
  685286,
  690001,
  690007,
  690044,
  692409,
  692790,
  693230,
  694208,
  694451,
  698838,
  699988,
  700366,
  703155,
  704145,
  704191,
  706646,
  709071,
  709133,
  709476,
  714130,
  716669,
  717414,
  718264,
  720362,
  721417,
  722465,
  723374,
  723412,
  724842,
  725759,
  729592,
  729927,
  733485,
  735284,
  736044,
  736293,
  737723,
  738048,
  739834,
  740123,
  742081,
  745318,
  745774,
  747070,
  747814,
  749164,
  750350,
  751729,
  751879,
  751916,
  752853,
  755052,
  755727,
  756755,
  757376,
  757490,
  757950,
  758858,
  759242,
  759873,
  759874,
  760601,
  761142,
  761686,
  762657,
  769339,
  772055,
  772113,
  773608,
  774814,
  775195,
  775510,
  778208,
  783533,
  783627,
  783801,
  785379,
  786177,
  786730,
  786874,
  787884,
  789114,
  789459,
  790374,
  791097,
  791286,
  795848,
  796493,
  796571,
  797743,
  798332,
  799004,
  800219,
  801852,
  805088,
  805942,
  806253,
  807079,
  807532,
  809314,
  809851,
  810480,
  810568,
  812410,
  812621,
  812926,
  814045,
  814263,
  814656,
  815650,
  815943,
  816278,
  816424,
  819210,
  819396,
  820644,
  821818,
  823780,
  825359,
  828052,
  830240,
  831777,
  833361,
  835548,
  835599,
  835672,
  835681,
  837820,
  838214,
  839029,
  839956,
  841927,
  844331,
  844826,
  845696,
  846281,
  847383,
  850043,
  850065,
  850338,
  852620,
  853255,
  857086,
  857667,
  858511,
  862629,
  862918,
  863140,
  864371,
  865363,
  865503,
  865968,
  866306,
  866780,
  866831,
  867682,
  867884,
  869100,
  870241,
  871976,
  872289,
  873043,
  873575,
  874427,
  875757,
  876694,
  877067,
  877105,
  877799,
  878070,
  879055,
  879439,
  879994,
  880342,
  880515,
  880927,
  881797,
  883886,
  884094,
  884445,
  884805,
  884831,
  885169,
  885587,
  887820,
  888906,
  889646,
  891635,
  892732,
  892909,
  893827,
  894046,
  894093,
  894893,
  895640,
  898250,
  898292,
  898893,
  899591,
  900718,
  901417,
  902950,
  904115,
  906249,
  906763,
  907240,
  907628,
  908330,
  909722,
  911230,
  912710,
  912727,
  914052,
  915078,
  915644,
  916007,
  917646,
  917745,
  918006,
  918478,
  918505,
  919595,
  919633,
  919700,
  920959,
  921812,
  921977,
  923491,
  923919,
  925880,
  926142,
  926362,
  927837,
  928720,
  928850,
  932171,
  933262,
  933537,
  933608,
  934438,
  934492,
  935449,
  936252,
  937869,
  939061,
  939657,
  939682,
  940350,
  940943,
  942196,
  943750,
  944416,
  946989,
  947303,
  949143,
  949363,
  950531,
  954202,
  954460,
  954963,
  955140,
  955777,
  955895,
  956538,
  958433,
  958945,
  959596,
  960333,
  961220,
  961403,
  962075,
  962535,
  963568,
  963841,
  964124,
  964194,
  964575,
  964825,
  964914,
  965251,
  965705,
  965772,
  965793,
  970459,
  971335,
  972660,
  975367,
  977012,
  977504,
  979060,
  979383,
  979884,
  980568,
  981062,
  982137,
  982514,
  982770,
  982938,
  983120,
  983458,
  983488,
  983634,
  984737,
  985809,
  986687,
  987121,
  987879,
  988895,
  991294,
  991617,
  992366,
  992446,
  993877,
  994914,
  994986,
  995439,
  995605,
  995784,
  996890,
};

int keys[] = {
  295478,
  515374,
  866306,
  482163,
  919595,
  814263,
  511244,
  936252,
  119013,
  2278,
};

int ref[] = {
  280,
  520,
  833,
  475,
  902,
  788,
  509,
  923,
  119,
  2,
};

