// Data set for ubmark-masked-filter

uint src[] = {
  13,
  13,
  48,
  48,
  126,
  126,
  198,
  198,
  140,
  84,
  13,
  13,
  23,
  23,
  126,
  126,
  34,
  34,
  34,
  34,
  13,
  13,
  23,
  23,
  126,
  126,
  34,
  34,
  34,
  34,
  212,
  48,
  217,
  217,
  217,
  217,
  34,
  34,
  34,
  34,
  70,
  70,
  217,
  53,
  53,
  53,
  34,
  34,
  34,
  34,
  56,
  56,
  56,
  53,
  53,
  53,
  53,
  65,
  59,
  115,
  56,
  56,
  85,
  53,
  53,
  113,
  113,
  65,
  234,
  234,
  56,
  56,
  85,
  53,
  53,
  113,
  113,
  65,
  234,
  234,
  56,
  56,
  85,
  85,
  67,
  67,
  212,
  251,
  251,
  212,
  255,
  197,
  85,
  85,
  67,
  67,
  194,
  255,
  184,
  184,
};

uint mask[] = {
  255,
  0,
  0,
  255,
  255,
  0,
  0,
  0,
  0,
  0,
  0,
  0,
  0,
  255,
  255,
  0,
  0,
  0,
  0,
  0,
  0,
  0,
  0,
  0,
  0,
  0,
  0,
  0,
  0,
  0,
  0,
  0,
  0,
  0,
  0,
  0,
  0,
  0,
  0,
  0,
  0,
  255,
  255,
  255,
  0,
  0,
  0,
  0,
  0,
  0,
  255,
  255,
  255,
  255,
  0,
  0,
  0,
  0,
  0,
  0,
  255,
  0,
  0,
  0,
  0,
  0,
  0,
  0,
  0,
  0,
  0,
  0,
  0,
  0,
  0,
  0,
  0,
  0,
  0,
  0,
  0,
  0,
  0,
  0,
  0,
  0,
  0,
  0,
  0,
  0,
  0,
  0,
  0,
  0,
  0,
  0,
  0,
  0,
  0,
  0,
};

uint ref[] = {
  0,
  0,
  0,
  0,
  0,
  0,
  0,
  0,
  0,
  0,
  0,
  13,
  23,
  47,
  106,
  126,
  34,
  34,
  34,
  0,
  0,
  13,
  23,
  23,
  126,
  126,
  34,
  34,
  34,
  0,
  0,
  48,
  217,
  217,
  217,
  217,
  34,
  34,
  34,
  0,
  0,
  90,
  128,
  114,
  53,
  53,
  34,
  34,
  34,
  0,
  0,
  58,
  91,
  53,
  53,
  53,
  53,
  65,
  59,
  0,
  0,
  56,
  85,
  53,
  53,
  113,
  113,
  65,
  234,
  0,
  0,
  56,
  85,
  53,
  53,
  113,
  113,
  65,
  234,
  0,
  0,
  56,
  85,
  85,
  67,
  67,
  212,
  251,
  251,
  0,
  0,
  0,
  0,
  0,
  0,
  0,
  0,
  0,
  0,
  0,
};

