//----------------------------------------------------------------------
// Debugging 
//----------------------------------------------------------------------
//int R = 2; int C = 2;
//
//int matrix[2][2] = {
//{1,2},
//{3,4},
//};
//
//int vector[] = {5,6};
//int ref[]    = {1*5+2*6,3*5+4*6};

//----------------------------------------------------------------------
// Benchmark
//----------------------------------------------------------------------

int R = 63; int C = 63;

int matrix[63][63] = {
  { 453, 463, 302, 289, 180, 508, 432, 336, 296, 239, 471, 391, 283, 65, 68, 393, 250, 46, 449, 492, 237, 87, 52, 108, 420, 183, 389, 432, 324, 409, 391, 427, 470, 104, 235, 360, 344, 350, 382, 444, 43, 221, 430, 476, 156, 31, 409, 37, 395, 171, 470, 384, 94, 265, 109, 390, 127, 326, 103, 94, 264, 240, 309,  },
  { 220, 256, 292, 292, 453, 10, 189, 359, 205, 175, 289, 7, 39, 337, 224, 156, 169, 36, 24, 93, 485, 287, 386, 149, 394, 312, 25, 263, 338, 161, 290, 250, 257, 435, 216, 243, 451, 227, 322, 386, 368, 52, 441, 510, 240, 298, 171, 11, 14, 7, 284, 517, 225, 358, 331, 378, 87, 151, 27, 233, 219, 115, 510,  },
  { 110, 113, 442, 294, 393, 27, 201, 510, 60, 157, 518, 6, 263, 77, 288, 413, 348, 358, 165, 333, 308, 240, 371, 386, 27, 350, 9, 87, 428, 183, 353, 140, 434, 65, 103, 192, 370, 467, 422, 450, 505, 150, 320, 396, 422, 145, 140, 207, 204, 371, 78, 186, 19, 80, 375, 95, 2, 154, 101, 366, 122, 268, 205,  },
  { 70, 358, 123, 9, 506, 199, 90, 255, 172, 193, 414, 235, 330, 113, 455, 450, 215, 325, 265, 94, 388, 473, 33, 154, 200, 181, 516, 84, 223, 200, 177, 39, 215, 429, 169, 370, 367, 377, 295, 467, 373, 466, 405, 432, 132, 395, 193, 13, 103, 357, 95, 137, 496, 317, 136, 79, 374, 208, 322, 441, 335, 390, 116,  },
  { 494, 141, 330, 280, 364, 306, 439, 127, 314, 319, 302, 165, 413, 172, 156, 112, 3, 497, 227, 503, 70, 467, 396, 106, 79, 488, 271, 427, 336, 440, 113, 128, 194, 310, 357, 8, 40, 284, 494, 490, 119, 285, 18, 371, 501, 109, 431, 302, 457, 252, 364, 175, 471, 393, 105, 418, 416, 422, 477, 448, 92, 157, 324,  },
  { 143, 155, 229, 7, 296, 222, 127, 485, 323, 260, 38, 176, 51, 167, 487, 357, 18, 130, 49, 170, 0, 276, 1, 253, 449, 153, 338, 90, 434, 263, 489, 168, 151, 452, 441, 474, 214, 293, 45, 389, 365, 57, 378, 281, 448, 63, 229, 375, 149, 89, 308, 434, 363, 101, 31, 356, 84, 77, 512, 365, 451, 12, 222,  },
  { 132, 83, 81, 364, 324, 477, 362, 324, 283, 471, 313, 55, 306, 519, 226, 216, 19, 203, 78, 497, 204, 347, 156, 388, 245, 294, 394, 519, 350, 483, 483, 104, 487, 122, 407, 156, 9, 72, 348, 144, 253, 198, 242, 14, 167, 488, 26, 111, 40, 312, 358, 398, 238, 428, 335, 299, 199, 123, 396, 379, 516, 266, 0,  },
  { 72, 270, 254, 355, 291, 151, 19, 196, 60, 216, 103, 313, 295, 368, 201, 425, 429, 517, 17, 406, 297, 137, 482, 34, 66, 37, 49, 380, 201, 266, 292, 373, 140, 90, 256, 372, 366, 34, 465, 247, 107, 475, 498, 383, 310, 262, 334, 204, 351, 512, 245, 80, 111, 499, 277, 481, 400, 511, 455, 160, 286, 72, 108,  },
  { 498, 386, 458, 426, 428, 54, 463, 23, 162, 151, 333, 88, 277, 511, 439, 72, 412, 352, 300, 183, 398, 89, 52, 282, 48, 96, 112, 357, 343, 2, 264, 496, 310, 195, 105, 8, 284, 386, 365, 95, 364, 244, 393, 298, 504, 261, 269, 97, 264, 346, 484, 251, 117, 278, 425, 339, 219, 15, 208, 257, 180, 158, 446,  },
  { 277, 55, 274, 188, 42, 476, 399, 382, 416, 261, 7, 291, 402, 74, 201, 222, 377, 313, 205, 158, 155, 298, 80, 117, 199, 48, 451, 447, 56, 468, 264, 410, 119, 147, 378, 371, 406, 466, 118, 370, 410, 324, 142, 276, 8, 191, 448, 216, 447, 272, 268, 157, 357, 58, 54, 310, 93, 39, 9, 64, 391, 454, 461,  },
  { 316, 8, 345, 93, 187, 403, 131, 114, 219, 343, 123, 244, 135, 156, 128, 294, 491, 342, 13, 369, 465, 285, 517, 136, 235, 329, 280, 73, 208, 222, 279, 422, 420, 66, 506, 200, 483, 282, 198, 485, 196, 397, 419, 105, 311, 257, 392, 72, 218, 91, 125, 504, 426, 115, 402, 344, 50, 297, 187, 135, 92, 18, 417,  },
  { 207, 19, 475, 167, 297, 453, 473, 448, 183, 105, 415, 409, 369, 513, 355, 377, 169, 70, 48, 238, 238, 283, 64, 391, 340, 422, 313, 185, 262, 469, 225, 159, 130, 144, 309, 342, 440, 297, 60, 137, 365, 323, 298, 430, 343, 34, 440, 499, 76, 166, 240, 375, 136, 68, 477, 128, 206, 245, 322, 174, 26, 356, 205,  },
  { 264, 363, 305, 255, 489, 139, 243, 519, 502, 227, 379, 516, 323, 478, 15, 177, 433, 328, 109, 414, 245, 200, 266, 134, 280, 430, 79, 122, 15, 391, 54, 384, 223, 406, 203, 355, 323, 457, 111, 458, 1, 272, 131, 366, 143, 119, 74, 230, 2, 482, 265, 2, 236, 513, 187, 414, 38, 271, 489, 293, 237, 257, 213,  },
  { 310, 123, 109, 247, 51, 109, 135, 365, 189, 468, 149, 492, 51, 90, 10, 165, 471, 210, 374, 364, 297, 238, 193, 496, 14, 263, 36, 87, 368, 414, 96, 503, 130, 9, 95, 442, 26, 169, 383, 489, 133, 404, 379, 384, 322, 433, 323, 31, 259, 347, 129, 216, 112, 513, 164, 428, 369, 345, 190, 342, 317, 266, 142,  },
  { 43, 128, 100, 45, 215, 77, 129, 419, 126, 449, 458, 176, 23, 254, 208, 198, 426, 393, 132, 131, 179, 30, 56, 388, 483, 117, 337, 501, 208, 98, 386, 302, 127, 145, 94, 344, 187, 123, 418, 87, 250, 318, 284, 135, 61, 437, 397, 152, 335, 370, 165, 145, 394, 411, 306, 213, 280, 518, 164, 249, 345, 203, 217,  },
  { 360, 420, 488, 438, 350, 516, 231, 23, 186, 78, 373, 11, 252, 234, 141, 222, 218, 241, 499, 398, 471, 324, 273, 298, 36, 63, 518, 274, 37, 149, 255, 211, 67, 477, 415, 495, 452, 68, 264, 491, 164, 278, 188, 335, 347, 513, 185, 481, 306, 325, 367, 19, 84, 156, 29, 450, 333, 83, 218, 193, 322, 235, 479,  },
  { 506, 47, 77, 3, 42, 24, 47, 130, 282, 490, 321, 186, 461, 388, 257, 155, 241, 198, 380, 56, 375, 233, 274, 434, 315, 290, 452, 122, 413, 301, 243, 58, 130, 220, 442, 27, 72, 470, 142, 475, 459, 172, 92, 482, 131, 142, 74, 156, 155, 4, 424, 146, 379, 453, 407, 226, 346, 342, 137, 281, 214, 494, 306,  },
  { 437, 12, 98, 348, 497, 233, 60, 294, 180, 131, 405, 450, 489, 258, 383, 37, 375, 455, 320, 145, 413, 474, 491, 139, 209, 111, 144, 174, 406, 515, 16, 405, 205, 327, 476, 174, 280, 419, 82, 199, 91, 30, 225, 393, 307, 291, 78, 413, 83, 361, 250, 380, 185, 219, 141, 515, 407, 203, 507, 457, 380, 436, 496,  },
  { 466, 167, 367, 361, 289, 443, 432, 58, 507, 186, 475, 104, 87, 372, 189, 215, 307, 102, 141, 193, 50, 57, 276, 323, 226, 457, 211, 280, 87, 71, 6, 237, 425, 447, 278, 358, 469, 185, 319, 391, 489, 134, 80, 471, 412, 213, 299, 339, 130, 110, 62, 102, 267, 454, 144, 157, 57, 517, 66, 156, 175, 267, 248,  },
  { 317, 345, 61, 80, 250, 180, 260, 454, 35, 85, 237, 310, 341, 419, 463, 372, 162, 43, 218, 388, 78, 15, 396, 366, 48, 44, 191, 55, 187, 238, 374, 283, 512, 149, 70, 22, 269, 253, 447, 428, 507, 318, 349, 34, 266, 491, 6, 260, 168, 234, 190, 500, 355, 385, 189, 375, 207, 306, 315, 471, 426, 370, 360,  },
  { 351, 398, 333, 79, 330, 492, 301, 219, 127, 119, 482, 221, 292, 97, 197, 218, 361, 451, 270, 452, 360, 487, 179, 408, 419, 90, 168, 56, 238, 347, 173, 348, 297, 392, 136, 292, 288, 243, 334, 238, 495, 78, 135, 2, 253, 188, 425, 321, 201, 126, 366, 518, 252, 460, 393, 443, 376, 194, 482, 318, 380, 480, 210,  },
  { 496, 346, 63, 261, 189, 369, 174, 239, 243, 374, 118, 40, 480, 111, 149, 11, 443, 503, 327, 77, 505, 400, 417, 430, 492, 144, 375, 261, 516, 110, 351, 29, 381, 380, 0, 281, 81, 200, 427, 201, 491, 11, 82, 32, 322, 56, 480, 244, 71, 341, 425, 174, 44, 271, 227, 171, 311, 334, 194, 419, 217, 15, 277,  },
  { 400, 466, 374, 481, 42, 252, 349, 317, 50, 216, 5, 342, 494, 103, 251, 70, 94, 244, 38, 287, 242, 390, 363, 516, 96, 105, 150, 157, 226, 317, 183, 514, 74, 469, 488, 45, 160, 244, 190, 166, 292, 351, 7, 23, 149, 282, 2, 386, 185, 510, 138, 328, 38, 390, 458, 481, 2, 74, 472, 171, 417, 75, 295,  },
  { 178, 123, 76, 314, 161, 147, 96, 303, 240, 324, 113, 420, 497, 45, 190, 393, 180, 163, 152, 301, 234, 193, 508, 392, 492, 153, 131, 487, 164, 376, 446, 462, 370, 477, 499, 6, 451, 222, 49, 138, 127, 458, 280, 473, 329, 33, 387, 448, 146, 423, 330, 299, 173, 441, 301, 187, 146, 14, 21, 493, 433, 282, 13,  },
  { 30, 22, 270, 162, 438, 70, 114, 273, 223, 148, 15, 324, 346, 91, 78, 376, 178, 354, 319, 350, 266, 231, 164, 323, 51, 80, 193, 64, 83, 447, 175, 196, 407, 64, 132, 400, 361, 350, 206, 281, 217, 63, 253, 139, 84, 191, 12, 38, 133, 500, 309, 69, 507, 489, 442, 275, 309, 197, 62, 199, 473, 425, 154,  },
  { 256, 500, 475, 179, 358, 47, 141, 513, 216, 345, 199, 264, 318, 382, 285, 306, 245, 397, 466, 64, 66, 156, 428, 175, 47, 159, 149, 411, 86, 362, 23, 419, 310, 212, 445, 346, 111, 325, 281, 281, 381, 458, 503, 489, 132, 421, 10, 66, 294, 172, 40, 292, 144, 429, 413, 423, 147, 333, 125, 154, 203, 42, 101,  },
  { 489, 280, 86, 176, 286, 461, 428, 77, 340, 502, 394, 302, 211, 239, 252, 388, 444, 157, 479, 86, 67, 424, 227, 66, 113, 453, 407, 247, 457, 455, 47, 376, 477, 189, 511, 111, 136, 353, 52, 241, 99, 489, 264, 1, 255, 482, 246, 162, 402, 312, 6, 209, 10, 351, 90, 503, 156, 196, 171, 66, 507, 106, 121,  },
  { 234, 204, 115, 97, 44, 402, 70, 239, 33, 173, 143, 502, 237, 177, 422, 465, 472, 216, 120, 277, 151, 201, 38, 357, 59, 471, 250, 460, 500, 246, 476, 304, 303, 265, 250, 337, 29, 224, 224, 480, 32, 480, 281, 253, 205, 422, 211, 400, 249, 405, 355, 370, 199, 28, 518, 121, 11, 129, 125, 255, 510, 43, 390,  },
  { 90, 362, 60, 399, 346, 494, 404, 339, 147, 17, 354, 362, 447, 451, 134, 377, 389, 54, 321, 100, 75, 414, 344, 365, 336, 98, 255, 208, 85, 385, 518, 412, 447, 465, 3, 186, 335, 200, 324, 288, 392, 226, 340, 484, 284, 251, 129, 347, 193, 76, 42, 0, 337, 156, 330, 134, 354, 126, 27, 343, 25, 215, 331,  },
  { 185, 459, 512, 354, 406, 209, 62, 345, 157, 65, 350, 231, 79, 244, 258, 307, 274, 403, 188, 91, 213, 426, 372, 139, 311, 207, 344, 48, 200, 201, 73, 446, 370, 239, 419, 424, 43, 1, 397, 242, 293, 467, 312, 454, 51, 275, 437, 281, 388, 243, 29, 130, 48, 462, 1, 32, 517, 25, 49, 355, 189, 95, 296,  },
  { 16, 353, 284, 383, 127, 226, 218, 26, 24, 257, 185, 105, 81, 182, 415, 311, 375, 297, 153, 455, 413, 66, 36, 330, 232, 389, 246, 246, 500, 159, 92, 385, 131, 368, 335, 241, 501, 68, 483, 404, 221, 296, 277, 262, 291, 144, 323, 26, 313, 85, 455, 362, 336, 280, 311, 293, 153, 496, 43, 18, 185, 109, 116,  },
  { 368, 140, 436, 59, 89, 268, 215, 18, 120, 431, 123, 482, 370, 177, 459, 492, 214, 364, 69, 176, 269, 261, 397, 472, 400, 501, 201, 172, 239, 305, 489, 99, 173, 21, 502, 511, 473, 425, 303, 424, 451, 236, 328, 421, 429, 42, 271, 336, 313, 123, 450, 420, 364, 158, 349, 294, 418, 378, 50, 129, 50, 398, 227,  },
  { 13, 438, 29, 99, 237, 495, 100, 413, 122, 96, 39, 166, 266, 457, 301, 315, 129, 467, 196, 161, 442, 155, 72, 368, 28, 478, 393, 421, 356, 26, 395, 47, 89, 257, 328, 97, 380, 364, 420, 102, 297, 391, 58, 105, 386, 377, 67, 471, 375, 292, 374, 87, 434, 127, 351, 303, 501, 495, 352, 305, 295, 501, 348,  },
  { 234, 363, 194, 415, 152, 372, 334, 155, 130, 262, 517, 375, 280, 115, 390, 276, 148, 306, 433, 89, 480, 286, 333, 465, 470, 93, 37, 411, 254, 402, 402, 251, 249, 183, 447, 279, 516, 365, 153, 108, 407, 488, 287, 450, 141, 89, 289, 111, 429, 500, 175, 20, 460, 349, 69, 15, 175, 108, 340, 362, 157, 490, 350,  },
  { 14, 177, 504, 108, 363, 94, 116, 492, 62, 345, 379, 8, 218, 247, 378, 232, 425, 207, 409, 300, 486, 16, 125, 448, 421, 232, 7, 11, 245, 204, 246, 317, 509, 274, 373, 26, 111, 72, 395, 184, 363, 256, 252, 264, 367, 308, 88, 376, 6, 252, 215, 388, 20, 511, 116, 122, 52, 225, 43, 64, 373, 512, 476,  },
  { 327, 23, 86, 298, 162, 340, 509, 412, 181, 441, 501, 268, 148, 24, 214, 368, 144, 157, 38, 415, 325, 153, 423, 458, 106, 440, 4, 326, 385, 495, 334, 163, 94, 4, 504, 202, 71, 228, 164, 218, 496, 107, 473, 484, 8, 222, 461, 88, 55, 91, 495, 449, 121, 117, 77, 238, 389, 330, 128, 136, 76, 178, 100,  },
  { 402, 449, 20, 198, 184, 379, 372, 394, 381, 176, 274, 515, 305, 24, 190, 237, 518, 299, 354, 413, 253, 257, 124, 87, 4, 443, 411, 331, 265, 453, 251, 398, 285, 378, 60, 343, 203, 455, 135, 163, 289, 112, 12, 52, 156, 395, 60, 203, 501, 39, 137, 203, 11, 67, 245, 447, 136, 252, 433, 468, 471, 349, 41,  },
  { 407, 464, 505, 248, 224, 55, 133, 435, 336, 515, 184, 7, 10, 44, 207, 340, 107, 314, 473, 379, 466, 193, 129, 303, 18, 19, 403, 112, 18, 137, 430, 354, 184, 460, 219, 460, 24, 166, 4, 427, 161, 42, 398, 371, 510, 385, 255, 117, 471, 29, 392, 131, 197, 385, 314, 348, 189, 80, 405, 454, 420, 124, 27,  },
  { 434, 87, 160, 316, 67, 509, 243, 271, 298, 312, 479, 332, 73, 106, 212, 391, 138, 388, 516, 72, 140, 347, 504, 408, 406, 413, 27, 131, 195, 366, 270, 483, 275, 51, 492, 359, 393, 190, 469, 378, 50, 300, 289, 27, 402, 363, 20, 104, 275, 112, 425, 4, 141, 215, 338, 220, 140, 315, 367, 323, 19, 219, 217,  },
  { 44, 112, 29, 71, 288, 211, 127, 510, 95, 282, 457, 449, 69, 6, 183, 126, 421, 362, 305, 357, 303, 153, 203, 120, 335, 410, 380, 179, 16, 112, 500, 188, 115, 7, 173, 81, 295, 258, 171, 370, 1, 155, 315, 414, 226, 174, 308, 344, 514, 26, 116, 207, 433, 253, 378, 128, 470, 413, 445, 49, 423, 159, 437,  },
  { 518, 94, 349, 83, 275, 83, 182, 307, 442, 131, 287, 31, 414, 171, 312, 132, 167, 28, 83, 420, 381, 163, 9, 59, 458, 136, 201, 251, 28, 83, 325, 503, 88, 363, 261, 423, 283, 296, 350, 69, 294, 483, 280, 481, 3, 315, 325, 232, 187, 210, 164, 139, 308, 89, 31, 274, 310, 125, 122, 381, 453, 203, 285,  },
  { 166, 388, 64, 292, 453, 438, 240, 300, 120, 375, 255, 219, 365, 6, 14, 72, 256, 452, 368, 92, 288, 146, 468, 25, 242, 353, 437, 357, 183, 242, 496, 167, 320, 221, 313, 385, 20, 246, 171, 190, 100, 432, 266, 377, 478, 507, 491, 236, 452, 85, 387, 137, 216, 202, 146, 43, 181, 237, 272, 501, 79, 180, 6,  },
  { 37, 215, 154, 63, 89, 25, 492, 157, 335, 437, 307, 458, 76, 243, 19, 173, 329, 265, 156, 430, 499, 185, 273, 269, 480, 436, 493, 174, 15, 255, 404, 218, 428, 307, 157, 363, 27, 202, 512, 365, 171, 423, 367, 415, 275, 194, 312, 336, 362, 123, 28, 209, 316, 95, 53, 77, 360, 402, 108, 332, 131, 489, 99,  },
  { 266, 100, 352, 123, 137, 257, 15, 171, 101, 480, 109, 61, 80, 260, 285, 265, 328, 37, 2, 283, 176, 72, 369, 406, 37, 277, 122, 293, 373, 449, 430, 68, 394, 459, 71, 480, 287, 200, 476, 143, 180, 287, 90, 207, 154, 359, 281, 19, 142, 30, 403, 187, 383, 277, 261, 205, 488, 373, 281, 363, 340, 423, 420,  },
  { 479, 269, 331, 259, 309, 251, 43, 350, 495, 295, 328, 145, 103, 438, 212, 9, 392, 197, 456, 398, 71, 65, 413, 61, 394, 103, 42, 327, 167, 123, 381, 349, 13, 211, 397, 410, 439, 178, 154, 126, 176, 159, 452, 113, 28, 44, 218, 6, 136, 108, 313, 398, 510, 408, 273, 468, 123, 59, 468, 407, 23, 54, 15,  },
  { 273, 60, 185, 65, 382, 410, 202, 258, 188, 514, 171, 483, 192, 455, 168, 223, 302, 259, 365, 87, 129, 478, 382, 74, 2, 376, 195, 71, 38, 176, 447, 56, 498, 47, 199, 27, 239, 45, 287, 399, 496, 65, 124, 101, 265, 193, 271, 393, 328, 297, 276, 3, 468, 366, 280, 107, 202, 108, 507, 486, 55, 44, 414,  },
  { 321, 212, 253, 220, 234, 463, 19, 467, 504, 99, 469, 480, 237, 513, 180, 67, 135, 388, 255, 317, 447, 506, 126, 296, 155, 403, 462, 451, 389, 363, 468, 179, 357, 145, 459, 214, 333, 417, 74, 453, 364, 350, 449, 334, 71, 140, 374, 369, 41, 150, 142, 246, 181, 418, 468, 328, 232, 468, 191, 56, 358, 311, 276,  },
  { 127, 283, 249, 489, 391, 99, 301, 17, 226, 379, 52, 273, 167, 82, 397, 249, 243, 514, 15, 474, 308, 511, 50, 395, 450, 256, 319, 390, 453, 417, 207, 229, 349, 234, 86, 103, 324, 150, 267, 184, 400, 224, 116, 341, 118, 87, 218, 365, 114, 327, 402, 486, 370, 468, 380, 512, 459, 84, 342, 334, 192, 309, 80,  },
  { 466, 495, 349, 370, 146, 319, 196, 419, 179, 484, 469, 77, 163, 429, 463, 341, 307, 219, 185, 122, 489, 479, 236, 355, 375, 46, 96, 412, 457, 283, 84, 242, 155, 118, 35, 239, 113, 279, 217, 286, 393, 75, 225, 403, 75, 101, 313, 214, 258, 179, 285, 296, 192, 256, 464, 361, 182, 436, 31, 432, 494, 81, 417,  },
  { 507, 198, 424, 431, 212, 62, 518, 483, 483, 229, 84, 365, 345, 491, 91, 433, 382, 306, 319, 126, 518, 392, 61, 342, 169, 437, 30, 69, 341, 407, 115, 28, 7, 343, 516, 234, 451, 187, 346, 274, 169, 519, 42, 279, 475, 515, 236, 117, 183, 492, 362, 496, 124, 111, 121, 288, 171, 349, 347, 374, 112, 239, 232,  },
  { 36, 204, 391, 197, 482, 453, 219, 384, 385, 220, 238, 175, 15, 4, 355, 46, 337, 335, 25, 250, 403, 0, 448, 507, 198, 57, 467, 349, 206, 124, 361, 54, 356, 171, 471, 80, 258, 100, 171, 35, 477, 486, 34, 10, 273, 15, 449, 244, 217, 106, 335, 231, 202, 37, 441, 482, 198, 100, 23, 203, 171, 330, 155,  },
  { 403, 278, 320, 50, 283, 16, 518, 292, 205, 119, 44, 319, 143, 245, 331, 496, 78, 12, 430, 13, 392, 89, 219, 459, 287, 213, 179, 80, 506, 463, 223, 361, 467, 276, 403, 488, 440, 367, 428, 375, 198, 311, 114, 159, 173, 394, 106, 356, 235, 437, 201, 150, 121, 331, 52, 110, 245, 217, 305, 455, 285, 187, 224,  },
  { 271, 174, 35, 415, 285, 178, 362, 448, 381, 490, 382, 363, 507, 185, 419, 405, 146, 14, 140, 341, 504, 378, 78, 250, 143, 285, 180, 272, 123, 184, 329, 347, 327, 490, 448, 415, 262, 371, 279, 154, 386, 256, 14, 217, 229, 7, 323, 517, 84, 381, 258, 261, 314, 277, 231, 355, 272, 383, 382, 182, 493, 354, 451,  },
  { 482, 99, 129, 283, 136, 306, 367, 269, 232, 318, 30, 8, 469, 459, 399, 148, 293, 387, 80, 258, 120, 123, 500, 397, 315, 124, 108, 519, 115, 312, 239, 33, 51, 428, 71, 344, 201, 428, 272, 285, 370, 433, 499, 329, 20, 152, 67, 399, 268, 142, 93, 513, 122, 4, 428, 238, 247, 102, 384, 373, 245, 451, 451,  },
  { 201, 372, 201, 300, 181, 47, 404, 307, 387, 330, 210, 326, 161, 374, 398, 396, 391, 122, 488, 407, 342, 3, 61, 119, 261, 196, 389, 93, 415, 201, 458, 328, 193, 326, 452, 308, 500, 357, 35, 507, 106, 39, 28, 316, 368, 323, 338, 363, 473, 284, 519, 263, 308, 0, 51, 121, 470, 156, 399, 141, 262, 215, 141,  },
  { 312, 442, 3, 126, 105, 313, 432, 148, 177, 307, 287, 454, 104, 93, 388, 106, 123, 208, 148, 410, 330, 251, 294, 325, 46, 377, 278, 361, 384, 490, 360, 195, 172, 232, 27, 165, 333, 13, 263, 237, 500, 411, 313, 509, 44, 203, 50, 420, 266, 46, 374, 379, 318, 94, 268, 109, 325, 25, 236, 24, 46, 247, 414,  },
  { 418, 145, 408, 510, 20, 167, 496, 153, 393, 233, 193, 207, 145, 431, 432, 261, 220, 277, 119, 311, 235, 147, 397, 64, 81, 498, 74, 220, 56, 7, 500, 240, 76, 483, 67, 413, 216, 50, 380, 295, 6, 224, 217, 294, 2, 210, 34, 188, 216, 97, 401, 305, 92, 421, 162, 249, 135, 123, 102, 341, 438, 367, 484,  },
  { 193, 244, 440, 105, 133, 396, 389, 380, 281, 250, 303, 51, 333, 23, 260, 95, 325, 281, 37, 121, 125, 352, 379, 296, 324, 421, 381, 13, 210, 356, 79, 43, 420, 99, 492, 41, 158, 147, 478, 491, 277, 38, 44, 12, 114, 283, 76, 351, 145, 205, 299, 82, 435, 465, 272, 189, 114, 364, 419, 425, 22, 10, 503,  },
  { 149, 37, 313, 43, 343, 211, 68, 6, 224, 346, 179, 266, 96, 221, 164, 263, 416, 494, 433, 349, 465, 485, 307, 276, 424, 397, 259, 449, 205, 333, 429, 170, 76, 263, 15, 192, 288, 485, 100, 97, 429, 212, 129, 310, 38, 53, 386, 97, 14, 152, 319, 146, 261, 364, 404, 447, 508, 387, 406, 199, 282, 288, 335,  },
  { 235, 101, 84, 31, 451, 242, 147, 124, 62, 358, 384, 17, 37, 305, 22, 401, 320, 283, 221, 175, 118, 277, 341, 429, 139, 434, 18, 309, 109, 480, 150, 339, 502, 511, 110, 294, 278, 162, 359, 428, 247, 61, 167, 370, 154, 80, 143, 373, 440, 144, 251, 36, 166, 340, 191, 218, 214, 357, 315, 223, 102, 311, 101,  },
  { 420, 26, 353, 256, 97, 70, 494, 380, 25, 294, 499, 439, 111, 303, 164, 207, 49, 417, 271, 185, 491, 409, 16, 329, 445, 460, 429, 66, 139, 427, 266, 357, 2, 211, 221, 432, 49, 413, 493, 286, 328, 438, 25, 45, 27, 6, 350, 309, 492, 158, 514, 463, 375, 434, 435, 328, 466, 447, 405, 490, 245, 413, 97,  },
  { 499, 57, 173, 243, 461, 45, 324, 286, 164, 102, 228, 227, 15, 357, 282, 92, 4, 338, 456, 196, 106, 219, 384, 148, 56, 44, 116, 264, 23, 252, 220, 3, 343, 311, 198, 196, 479, 317, 237, 236, 19, 256, 274, 228, 517, 397, 30, 290, 242, 43, 106, 354, 47, 402, 157, 335, 477, 453, 411, 501, 483, 248, 15,  },
  { 56, 357, 178, 29, 296, 344, 8, 435, 461, 511, 293, 336, 444, 151, 251, 294, 66, 358, 187, 311, 211, 491, 517, 82, 477, 131, 364, 157, 395, 138, 318, 279, 153, 127, 189, 224, 494, 310, 98, 203, 233, 140, 5, 280, 206, 129, 72, 5, 242, 270, 262, 135, 251, 76, 151, 456, 502, 430, 456, 308, 493, 353, 108,  },
};

int vector[] = {
  384,
  494,
  198,
  238,
  452,
  16,
  26,
  383,
  331,
  159,
  389,
  18,
  471,
  421,
  10,
  450,
  451,
  450,
  36,
  416,
  138,
  199,
  359,
  444,
  106,
  132,
  293,
  459,
  307,
  245,
  289,
  430,
  164,
  261,
  350,
  439,
  270,
  263,
  200,
  376,
  54,
  352,
  221,
  435,
  236,
  84,
  147,
  56,
  8,
  449,
  70,
  96,
  181,
  68,
  470,
  75,
  77,
  453,
  203,
  331,
  372,
  493,
  218,
};

int ref[] = {
  4788424,
  4055435,
  4482398,
  4560355,
  4687709,
  3769934,
  4455659,
  4765867,
  4448266,
  4145717,
  4233521,
  4459385,
  4954269,
  4256232,
  4159392,
  4626689,
  4255639,
  4865989,
  4303051,
  4335467,
  4677881,
  4244790,
  4162636,
  4693509,
  4004065,
  4685274,
  4212183,
  4482432,
  4461639,
  4182727,
  4076287,
  4695612,
  4552897,
  4744993,
  4085556,
  3957598,
  4378201,
  4305843,
  4292982,
  3896133,
  4111790,
  4246993,
  4247038,
  4153282,
  4082136,
  3591971,
  5172383,
  4404056,
  4741966,
  4853249,
  3874132,
  4329494,
  4887194,
  4598926,
  4401453,
  3784991,
  3970832,
  3740073,
  4308972,
  4101877,
  4482365,
  3880293,
  4504625,
};

